tmpVector =

 Columns 1 through 15:

   190   187   184   160   177   188   183   185   182   181   179   188   180   191   195

 Columns 16 through 30:

   197   187   185   168    84   115   185   183   180   179   171   156   149    85   135

 Columns 31 through 45:

   196   197   181   173   112    62    63    96    97    92    95    83    70    68    55

 Columns 46 through 60:

   113   198   198   178   147    71    55    56    49    51    51    55    53    62    59

 Columns 61 through 75:

    58   141   199   195   186   153   102    82    69   116   124   126   135   139   140

 Columns 76 through 90:

   132    71   125   201   193   188   179   159    85   130   194   185   186   190   187

 Columns 91 through 105:

   191   200   136   151   203   197   189   183   108    59   159   185   179   180   177

 Columns 106 through 120:

   179   182   182   186   190   195   198   190   174    93    56   128   194   191   191

 Columns 121 through 135:

   186   186   181   190   160   145   198   197   186   170    85    60    77   159   167

 Columns 136 through 150:

   153   161   157   151   155    98    92   194   199   185   170   101    57    56    67

 Columns 151 through 165:

    69    58    64    68    63    59    47    94   194   195   190   175   140    82    62

 Columns 166 through 180:

    55    53    54    54    58    51    51    48    70   177   198   193   179   166   138

 Columns 181 through 195:

    69    83   103   108   106    94   102   103    73    80   183   198   187   189   165

 Columns 196 through 210:

    77    90   180   193   184   184   187   186   191   123   100   190   198   186   193

 Columns 211 through 225:

   149    67   134   193   187   180   186   188   188   188   175   176   189   194   180

 Columns 226 through 240:

   187   132    63    99   185   188   189   192   189   181   187   169   156   188   193

 Columns 241 through 255:

   177   182   115    63    65   147   170   158   165   167   167   183   111    85   188

 Columns 256 through 270:

   192   182   182   131    71    58    63    76    67    75    75    83    92    60    80

 Columns 271 through 285:

   181   193   184   183   174    93    54    56    61    57    62    61    54    51    51

 Columns 286 through 300:

    85   181   188   193   187   185   159   113    80    74    67    93   112   125   109

 Columns 301 through 315:

    71    90   184   195   194   191   184   187   187   170   157   152   181   186   189

 Columns 316 through 330:

   186    94    64   165   197   195   193   185   190   192   195   195   191   187   187

 Columns 331 through 336:

   185   188   152   153   188   195

